                           Document 0
--------------------------------------------------------------------------
            Headline           |              Body              
--------------------------------------------------------------------------
            0                  |              0
            0                  |              0.025641
            0                  |              0.0128205
            0                  |              0
            0                  |              0
            0                  |              0.0128205
            1                  |              0.025641
            0                  |              0
            0                  |              0.0512821
            0                  |              0
            0                  |              0.128205
            0                  |              0.0512821
            0                  |              0.435897
            0                  |              0.0512821
            0                  |              0
            0                  |              0.0384615
            0                  |              0
            0                  |              0
            0                  |              0.102564
            0                  |              0.0641026

--------------------------------------------------------------------------
                           Document 1
--------------------------------------------------------------------------
            Headline           |              Body              
--------------------------------------------------------------------------
            0                  |              0
            0                  |              0
            0                  |              0
            0                  |              0.0215054
            0                  |              0
            1                  |              0.569892
            0                  |              0.00537634
            0                  |              0
            0                  |              0.0806452
            0                  |              0
            0                  |              0
            0                  |              0.0268817
            0                  |              0
            0                  |              0.107527
            0                  |              0
            0                  |              0.016129
            0                  |              0.00537634
            0                  |              0.0215054
            0                  |              0
            0                  |              0.145161

--------------------------------------------------------------------------
                           Document 2
--------------------------------------------------------------------------
            Headline           |              Body              
--------------------------------------------------------------------------
            0                  |              0
            0                  |              0
            0                  |              0
            0                  |              0
            0                  |              0
            0                  |              0
            0                  |              0
            0                  |              0
            0                  |              0
            0                  |              0
            0                  |              0
            0                  |              0
            0                  |              0
            0                  |              0
            0                  |              0
            1                  |              1
            0                  |              0
            0                  |              0
            0                  |              0
            0                  |              0

--------------------------------------------------------------------------
                           Document 3
--------------------------------------------------------------------------
            Headline           |              Body              
--------------------------------------------------------------------------
            0                  |              0
            0                  |              0
            0                  |              0
            0                  |              0.666667
            0                  |              0
            0                  |              0
            0                  |              0
            0                  |              0
            0                  |              0
            0                  |              0
            0                  |              0
            1                  |              0.333333
            0                  |              0
            0                  |              0
            0                  |              0
            0                  |              0
            0                  |              0
            0                  |              0
            0                  |              0
            0                  |              0

--------------------------------------------------------------------------
